43200
4
93
19
0	1	0	1	0	0	0	1	0	1	0	0	1	0	0	1	0	0	1
1	0	0	1	0	0	0	1	0	1	0	0	1	0	0	1	0	0	1
0	1	0	1	0	0	1	0	0	1	0	0	1	0	0	1	0	0	1
0	1	0	1	0	1	0	0	0	1	0	0	0	1	0	1	0	0	1
0	1	0	1	0	0	0	1	0	1	0	0	1	0	0	1	0	0	1
0	1	0	1	0	0	1	0	0	0	1	0	1	0	0	1	0	0	1
0	1	0	0	1	1	0	0	0	1	0	0	1	0	0	1	0	0	1
0	1	0	0	1	1	0	0	0	0	1	1	0	0	1	0	0	0	1
0	1	0	0	1	0	1	0	0	0	1	0	0	1	0	0	1	0	1
0	1	0	1	0	0	1	0	0	1	0	0	0	1	0	1	0	0	1
0	1	1	0	0	0	1	0	1	0	0	0	0	1	0	1	0	0	1
0	1	1	0	0	1	0	0	0	1	0	0	1	0	0	1	0	0	1
0	1	0	0	1	0	0	1	0	0	1	0	1	0	0	1	0	0	1
0	1	0	0	1	1	0	0	0	1	0	0	1	0	1	0	0	0	1
1	0	0	1	0	1	0	0	0	0	1	0	0	1	0	1	0	0	1
0	1	0	0	1	1	0	0	0	0	1	1	0	0	1	0	0	0	1
0	1	0	1	0	0	1	0	1	0	0	0	0	1	0	0	1	0	1
0	1	0	0	1	1	0	0	0	0	1	0	1	0	0	1	0	0	1
1	0	0	1	0	1	0	0	0	1	0	0	1	0	0	1	0	0	1
0	1	0	0	1	0	0	1	0	1	0	1	0	0	0	1	0	0	1
1	0	1	0	0	0	0	1	1	0	0	1	0	0	1	0	0	0	1
0	1	0	0	1	0	1	0	0	1	0	1	0	0	0	1	0	0	1
1	0	0	1	0	1	0	0	0	1	0	0	1	0	0	1	0	0	1
0	1	0	1	0	0	0	1	0	0	1	1	0	0	0	1	0	0	1
1	0	1	0	0	0	1	0	0	1	0	1	0	0	0	1	0	0	1
0	1	0	1	0	1	0	0	0	0	1	0	1	0	1	0	0	0	1
1	0	1	0	0	1	0	0	0	1	0	0	1	0	1	0	0	0	1
0	1	0	0	1	1	0	0	0	1	0	0	1	0	0	1	0	0	1
1	0	1	0	0	1	0	0	0	1	0	0	1	0	0	1	0	0	1
0	1	0	1	0	1	0	0	0	1	0	1	0	0	0	0	1	0	1
0	1	0	0	1	0	0	1	0	1	0	0	1	0	0	1	0	0	1
0	1	0	1	0	1	0	0	0	0	1	1	0	0	0	0	1	0	1
0	1	0	1	0	0	1	0	0	0	1	0	1	0	0	1	0	0	1
0	1	0	1	0	1	0	0	0	1	0	1	0	0	0	1	0	0	1
0	1	1	0	0	1	0	0	1	0	0	0	0	1	0	0	1	0	1
0	1	0	0	1	1	0	0	0	1	0	0	0	1	0	0	1	0	1
0	1	0	1	0	0	1	0	0	1	0	0	0	1	0	1	0	0	1
1	0	0	1	0	0	0	1	0	1	0	0	1	0	0	1	0	0	1
0	1	0	1	0	1	0	0	0	1	0	0	1	0	1	0	0	1	0
0	1	0	1	0	1	0	0	1	0	0	0	0	1	1	0	0	0	1
0	1	1	0	0	0	0	1	0	1	0	0	1	0	1	0	0	1	0
0	1	1	0	0	1	0	0	1	0	0	0	0	1	0	0	1	1	0
0	1	0	1	0	1	0	0	0	1	0	1	0	0	1	0	0	0	1
0	1	0	0	1	0	0	1	0	0	1	0	1	0	0	1	0	0	1
0	1	1	0	0	1	0	0	1	0	0	0	1	0	0	1	0	1	0
0	1	1	0	0	0	0	1	0	1	0	0	0	1	0	1	0	1	0
1	0	1	0	0	0	1	0	0	1	0	0	0	1	0	1	0	1	0
0	1	0	1	0	0	1	0	0	1	0	1	0	0	0	1	0	0	1
0	1	0	1	0	0	0	1	0	0	1	0	1	0	0	1	0	0	1
0	1	0	1	0	1	0	0	0	1	0	1	0	0	0	1	0	0	1
1	0	1	0	0	0	0	1	0	1	0	1	0	0	0	1	0	0	1
0	1	0	1	0	1	0	0	0	0	1	1	0	0	0	1	0	0	1
1	0	0	1	0	0	0	1	1	0	0	0	0	1	0	0	1	0	1
0	1	0	0	1	0	0	1	0	0	1	0	1	0	0	1	0	0	1
0	1	0	1	0	0	0	1	0	1	0	0	1	0	0	1	0	0	1
0	1	1	0	0	0	1	0	1	0	0	0	0	1	0	1	0	0	1
0	1	0	1	0	0	0	1	0	1	0	1	0	0	0	1	0	0	1
0	1	1	0	0	1	0	0	0	1	0	0	0	1	1	0	0	0	1
0	1	0	1	0	0	1	0	0	1	0	0	1	0	0	1	0	0	1
0	1	0	0	1	1	0	0	0	0	1	0	1	0	0	1	0	0	1
0	1	0	0	1	0	0	1	0	1	0	0	1	0	0	1	0	0	1
0	1	0	1	0	0	1	0	0	1	0	0	1	0	0	1	0	0	1
0	1	0	1	0	1	0	0	0	0	1	0	1	0	0	1	0	0	1
0	1	0	1	0	1	0	0	1	0	0	0	1	0	0	0	1	0	1
1	0	0	1	0	1	0	0	0	0	1	1	0	0	0	1	0	0	1
0	1	0	0	1	0	1	0	0	0	1	0	1	0	0	1	0	0	1
1	0	1	0	0	0	1	0	0	1	0	1	0	0	1	0	0	1	0
0	1	0	1	0	0	0	1	0	1	0	0	1	0	0	1	0	0	1
0	1	0	0	1	1	0	0	0	0	1	1	0	0	0	1	0	0	1
1	0	0	1	0	1	0	0	1	0	0	1	0	0	0	1	0	0	1
0	1	0	1	0	0	1	0	0	0	1	0	1	0	0	1	0	0	1
0	1	0	0	1	0	0	1	0	1	0	0	1	0	0	1	0	0	1
0	1	1	0	0	1	0	0	1	0	0	0	0	1	1	0	0	1	0
0	1	1	0	0	1	0	0	0	1	0	0	1	0	0	1	0	1	0
1	0	1	0	0	1	0	0	1	0	0	0	0	1	0	1	0	0	1
0	1	0	1	0	0	1	0	0	1	0	0	1	0	0	1	0	1	0
0	1	0	0	1	1	0	0	0	0	1	1	0	0	0	0	1	0	1
0	1	0	0	1	1	0	0	0	1	0	1	0	0	0	0	1	0	1
0	1	0	0	1	1	0	0	0	1	0	0	0	1	1	0	0	0	1
0	1	0	1	0	1	0	0	0	1	0	0	1	0	0	0	1	1	0
0	1	0	1	0	1	0	0	0	1	0	1	0	0	0	1	0	1	0
0	1	0	0	1	1	0	0	0	1	0	0	1	0	0	1	0	0	1
0	1	1	0	0	1	0	0	1	0	0	1	0	0	0	1	0	0	1
0	1	1	0	0	0	1	0	1	0	0	0	0	1	0	1	0	0	1
0	1	0	0	1	1	0	0	0	1	0	1	0	0	1	0	0	0	1
0	1	0	0	1	0	0	1	0	1	0	0	1	0	0	1	0	0	1
1	0	1	0	0	0	1	0	0	1	0	0	0	1	1	0	0	1	0
0	1	0	0	1	1	0	0	0	0	1	1	0	0	0	0	1	0	1
0	1	0	1	0	1	0	0	0	0	1	1	0	0	0	0	1	1	0
1	0	1	0	0	0	1	0	0	1	0	0	0	1	1	0	0	0	1
0	1	0	0	1	0	1	0	0	0	1	1	0	0	0	1	0	0	1
0	1	0	0	1	1	0	0	0	1	0	0	1	0	0	0	1	0	1
0	1	1	0	0	1	0	0	1	0	0	0	0	1	0	1	0	1	0
0	802	2500	3221	3235	3349	4155	4885	1029	2549	1342	2736	2448	4277	1712	3867	2716	2799	4339	2130	1194	1888	1924	4371	3229	2579	1605	4235	1850	3554	3068	1501	4249	4009	1325	2031	3556	3603	4074	3294	1706	3382	2704	1590	2888	2438	2851	3637	3153	3716	2308	1179	3830	2955	3724	1110	3043	1274	733	2875	5302	1069	1447	3385	3504	2350	1902	3461	683	4035	3096	3293	3634	2590	2206	3846	3085	4651	1243	3306	2862	2729	2022	2027	2269	2072	3525	3468	3990	2315	3425	4019	3642	2226
788	0	2167	3572	3587	3016	4507	5236	1332	2216	1681	3087	2800	3534	1379	3534	3068	3150	4691	1797	1111	2240	1182	4722	2896	2931	1376	4587	1517	3905	2735	759	3916	4360	992	2382	3223	3309	4426	3646	1373	3733	3055	1256	2146	2789	3203	3989	3505	3383	1975	1530	4181	2622	3391	367	3395	531	1310	2542	5098	771	846	3052	3855	2017	1159	3813	987	4226	3447	3645	2892	2941	2557	4197	3436	5002	500	2973	3213	3080	2326	2378	2621	1556	3192	3819	4341	2666	3776	3686	3309	2578
2400	2065	0	3621	4734	960	4573	3070	3310	531	1990	4234	3947	1928	1344	1814	4215	4297	3615	728	3176	3387	1803	3863	839	4078	1685	4390	1465	5052	679	1962	2196	3223	1382	3529	1167	3128	3925	4269	1321	3784	4202	1403	2196	4056	4350	4612	4085	1216	524	2677	4156	455	1335	2441	3393	2349	3036	486	2932	2836	2445	2872	3781	1965	1420	4208	2965	2506	4594	4225	2570	3904	3704	5344	3456	3583	2079	2793	4095	4084	4304	3525	3768	1032	1136	4313	4919	3813	4923	1966	1142	3725
3224	3701	3602	0	2324	4561	953	3597	4083	3840	3040	1824	2730	5529	3002	2109	1236	1888	3051	3421	4252	2170	4134	3083	4441	2861	3169	2947	2929	2282	4280	4293	2491	2721	3019	1925	4768	851	2786	2006	2785	2093	1432	2888	4527	775	1580	2349	804	2626	3599	2449	2541	3146	4936	3995	244	4159	3539	4087	4014	4080	4082	1092	752	1768	3751	2173	3737	2746	2330	944	5273	623	1006	2696	1796	3363	4129	843	1573	1440	5076	1921	2551	3363	4737	2180	1298	1010	2154	2261	3682	1239
3084	3548	4617	2274	0	5467	3208	3938	3943	4666	2900	499	1224	6435	3829	3951	2055	1164	3392	4247	4112	2030	4670	3424	5346	1537	3220	3288	3968	1234	5186	4247	3471	3062	3443	1785	5674	2762	3128	2347	3824	2435	1596	3518	5354	1491	1798	2393	2206	4536	4426	2309	2883	5056	5842	3855	2154	4019	3399	4993	4355	3940	3949	3002	2662	3678	4578	2514	3597	3088	593	2346	6100	1643	1259	691	2138	3704	3989	2754	1915	1782	4936	1781	1403	4190	5643	2521	3043	1830	1719	4102	5592	1280
3261	2926	928	4549	5595	0	5502	3998	4172	1392	2851	5096	4808	1958	2205	2743	5076	5159	4544	1589	4038	4248	2664	4792	613	4939	2546	5319	2327	5914	731	2823	3124	4151	2244	4391	940	4057	4853	5198	2183	4713	5064	2265	3057	4798	5211	5541	5014	2145	1386	3538	5085	1384	1365	3303	4321	3210	3898	844	3860	3698	3307	3800	4709	2826	2281	5137	3826	3435	5456	5154	2601	4832	4566	6206	4385	4511	2940	3721	5024	5012	5165	4387	4629	1893	675	5241	5848	4675	5785	2894	2071	4586
4186	4663	4563	962	3274	5523	0	4547	5045	4802	4001	2775	3692	6491	3964	3071	2198	2838	4001	4383	5214	3132	5095	4033	5403	3823	4131	3897	3891	3233	5242	5255	3453	3671	3980	2887	5730	1813	3736	2956	3747	3044	2383	3850	5489	1725	2530	3299	1063	3588	4561	3411	3492	4108	5898	4957	1205	5121	4501	5049	4964	5042	5044	2054	1714	2730	4713	3123	4699	3697	3280	862	6235	1573	1956	3646	2747	4313	5091	1805	2524	2391	6038	2883	3513	4325	5699	3130	462	1972	3104	3223	4644	2189
4941	5126	3061	3769	3990	4021	4704	0	5800	3592	4757	3491	4447	4989	4405	3018	3561	3554	546	3789	5970	3887	4864	1591	3901	4578	4746	1455	4527	3767	3740	5023	3159	2194	4444	3643	4228	4257	855	2544	4383	1591	2984	4465	5257	2986	3131	2624	3702	2420	3585	4167	1101	2606	4396	5503	3649	5410	5256	3547	1886	5897	5507	4075	4157	4240	4481	1808	5455	2775	3996	3842	5632	3138	2970	4248	2365	1871	5140	3996	2371	2359	6794	3639	4268	4093	4197	2107	4538	3336	3282	3169	1919	2905
1083	1309	3320	4041	4055	4169	4976	5705	0	3369	2162	3556	3268	4784	2532	4687	3537	3619	5160	2950	1533	2709	2431	5191	4049	3399	2425	5056	2670	4374	3888	2008	5069	4829	2145	2851	4376	4424	4895	4115	2526	4202	3524	2410	3395	3258	3672	4458	3974	4536	3128	1999	4650	3775	4544	1617	3864	1781	1257	3695	6123	1508	2155	4206	4324	3170	2409	4281	518	4855	3916	4114	4141	3410	3026	4666	3905	5471	1750	4127	3682	3549	1193	2847	3090	2806	4345	4288	4810	3135	4245	4839	4462	3047
2491	2156	534	3840	4824	1383	4793	3603	3401	0	2081	4325	4037	2351	1434	2348	4306	4388	4149	819	3267	3478	1893	4397	1263	4168	1775	4924	1556	5143	1102	2053	2729	3756	1473	3620	1590	3348	4458	4803	1412	4318	4293	1494	2287	4027	4440	5146	4304	1750	615	2768	4690	989	1758	2532	3612	2439	3127	909	3465	2927	2536	3091	4000	2055	1511	4742	3056	3040	4685	4445	2994	4123	3795	5435	3990	4116	2170	3012	4451	4318	4395	3616	3858	1123	1559	4846	5138	3904	5014	2499	1676	3816
1271	1523	2055	2896	2910	2904	3831	4560	2181	2104	0	2411	2292	3873	1266	3257	2392	2474	4015	1685	2196	1732	2398	4046	2784	2423	321	3911	1240	3229	2623	2282	3638	3684	1013	1706	3111	3031	3750	2970	1095	3057	2379	619	2791	2113	2527	3313	2829	3271	1863	1349	3505	2510	3279	1890	2719	2054	1911	2430	4987	2023	1904	2775	3179	1739	2015	3136	1836	3710	2917	2969	3537	2265	1881	3521	2760	4326	2024	2696	2537	2404	3175	1702	2113	1627	3080	3143	3665	1990	3100	3408	3197	1902
2584	3048	4118	1775	499	4967	2709	3439	3443	4167	2400	0	1034	5935	3330	3451	1556	664	2893	3748	3613	1530	4171	2924	4847	1347	2721	2789	3469	1654	4686	3747	2972	2563	2943	1286	5174	2262	2628	1848	3324	1935	1096	3019	4854	991	1327	2191	1707	4037	3926	1810	2383	4557	5342	3356	1654	3520	2899	4493	3856	3440	3450	2503	2163	3178	4078	2015	3098	2588	506	1847	5600	1143	760	1110	1638	3205	3489	2254	1415	1282	4437	1282	1213	3690	5143	2021	2543	1330	1901	3603	5093	780
2326	2790	3860	2762	1224	4709	3696	4425	3185	3909	2306	1018	0	5678	3072	4402	2257	1682	3880	3490	3355	840	3913	3911	4589	313	2627	3776	3211	2016	4428	3489	3959	3549	2685	1571	4916	3144	3615	2835	3066	2922	2114	2925	4596	1978	2345	3175	2694	4919	3668	1552	3370	4315	5084	3098	2584	3262	2642	4235	4843	3182	3192	3384	3044	3710	3820	3002	2840	3575	648	2834	5342	2130	1746	1473	2625	4192	3231	3136	2402	2269	4179	1567	179	3432	4885	3008	3530	1855	2501	4553	5002	1767
4268	3512	1926	5547	6593	1950	6500	4996	4812	2390	3849	6094	5806	0	3203	3741	6074	6157	5542	2587	4563	5246	2748	5790	1346	5937	3544	6317	3325	6912	1249	2908	4122	5149	3242	5388	2102	5055	5851	6195	3180	5711	6062	3263	1389	5795	6209	6538	6011	3143	2383	4536	6083	2382	593	3387	5319	3295	4790	1501	4858	3976	4231	4798	5707	3824	2366	6135	4466	4433	6454	6152	642	5830	5564	7203	5383	5509	3025	4719	6022	6010	5177	5384	5627	2528	2126	6239	6845	5673	6783	3892	3069	5584
1657	1322	1342	3002	3990	2192	3955	4412	2567	1391	1243	3491	3203	3160	0	2735	3471	3554	4958	973	2433	2644	1685	5206	2071	3334	938	4991	718	4309	1911	1845	3117	4143	639	2786	2399	2510	4830	4049	574	4137	3459	656	2079	3193	3606	4393	3467	2559	1151	1934	4585	1798	2567	1689	2774	1853	2293	1718	4274	2093	1702	2253	3162	1218	1303	4216	2222	3427	3851	3607	2825	3285	2961	4601	3840	4925	1822	2174	3617	3484	3561	2782	3024	915	2368	4223	4301	3070	4180	2887	2485	2982
3795	3460	1796	2110	4073	2756	3063	3045	4705	2327	3234	3574	4345	3724	2761	0	2852	3637	3054	2524	4571	3785	3599	3222	2636	4476	2928	3087	2688	3917	2475	3758	554	1581	2778	3541	2963	1618	2759	2627	2544	2142	3067	2647	3992	2545	3214	2970	2575	821	2320	4065	2514	1341	3131	3827	1882	3991	4431	2282	3152	4231	3841	1362	2270	1527	3216	2566	4360	864	4079	2715	4367	2393	2777	4331	1814	3503	3875	1283	2453	2442	5699	3537	4166	2828	2932	2671	3409	2625	3557	152	1877	2988
2699	3163	4305	1223	2053	5082	2176	3411	3558	4281	2515	1554	2205	6050	3444	2813	0	1617	2865	3862	3727	1645	4285	2897	4961	2336	2835	2761	3633	2097	4801	3862	2944	2535	3058	1400	5289	1555	2600	1820	3489	1907	1246	3133	4969	631	1394	2163	1299	3330	4041	1924	2355	3850	5457	3470	995	3634	3014	4608	3828	3555	3564	1796	1456	2471	4193	1987	3212	2560	2059	1439	5715	783	805	2510	1610	3177	3604	1547	1388	1254	4551	1396	2026	3805	5258	1994	2136	452	1968	2964	4386	1038
2656	3120	4190	1847	1148	5040	2781	3511	3516	4239	2472	648	1682	6008	3402	3523	1628	0	2965	3820	3685	1603	4243	2997	4919	1995	2793	2861	3541	1654	4758	3820	3044	2635	3015	1358	5246	2334	2700	1920	3397	2008	720	3091	4926	1063	951	2199	1779	4109	3998	1882	2455	4629	5415	3428	1727	3592	2972	4565	3928	3512	3522	2575	2235	3251	4150	2087	3170	2661	1154	1919	5672	1215	832	1758	1710	3277	3561	2326	1488	1354	4509	1354	1861	3762	5216	2094	2616	1403	1525	3675	5165	852
4396	4859	3607	3224	3445	4567	4158	546	5255	4138	4212	2945	3902	5535	4951	3093	3015	3008	0	4335	5424	3342	5410	1045	4446	4033	4532	910	5072	3221	4286	5569	2613	1649	4755	3097	4774	3711	310	1999	4928	1046	2438	4830	5803	2440	2586	2079	3156	2965	4131	3621	555	3152	4942	5167	3103	5331	4711	4093	1977	5252	5261	3952	3612	4423	5027	1262	4909	2230	3451	3296	6177	2592	2425	3702	1820	1325	5301	3703	1825	1813	6248	3093	3723	4639	4743	1561	3993	2790	2736	3244	2465	2360
2072	1737	730	3421	4406	1580	4374	3800	2982	779	1662	3906	3619	2548	1016	2545	3887	3969	4346	0	2889	3059	1075	4594	1459	3750	1357	5121	1137	4724	1299	1234	2926	3953	1054	3201	1787	2929	4655	4465	993	4515	3874	1075	1468	3608	4022	4808	3886	1947	539	2349	4887	1186	1955	1714	3193	1621	2708	1106	3662	2302	2117	2673	3581	1637	692	4632	2637	3237	4266	4026	2214	3704	3376	5016	4187	4313	1351	2593	4032	3899	3976	3197	3440	304	1756	4638	4720	3485	4595	2696	1873	3397
1183	1083	3250	4268	4282	4099	5202	5932	1570	3299	2234	3782	3495	4519	2462	4617	3763	3846	5386	2845	0	2935	2166	5417	3979	3626	2459	5282	2600	4601	3818	1743	4999	5056	2075	3077	4306	4392	5121	4341	2456	4428	3751	2340	3130	3484	3898	4684	4200	4466	3058	2225	4876	3705	4474	1428	4090	1515	1548	3625	6181	965	1930	4136	4551	3100	2144	4508	1224	5081	4143	4340	3876	3636	3253	4892	4131	5698	1485	4057	3908	3775	2564	3073	3316	2541	4275	4514	5036	3362	4472	4769	4392	3273
1750	2214	3284	2186	2073	4134	3120	3850	2610	3333	1730	1700	850	5102	2496	3826	1681	1764	3304	2914	2779	0	3337	3336	4013	981	2051	3200	2635	2519	3853	2914	3383	2974	2110	995	4340	2568	3039	2259	2491	2346	1669	2349	4020	1402	1816	2602	2118	4343	3093	976	2794	3739	4509	2522	2008	2686	2066	3659	4267	2606	2616	2809	2469	3134	3244	2426	2264	2999	1497	2258	4767	1554	1171	2322	2049	3616	2656	2560	1826	1693	3603	991	671	2856	4310	2433	2955	1280	2390	3977	4426	1191
1924	1168	1799	4138	4723	2648	5091	4869	2468	1848	2379	4223	3936	2742	1733	3613	4204	4286	5414	1068	2219	3376	0	5662	2528	4067	2074	5723	1855	5041	2367	564	3995	5021	1772	3518	2855	3646	5562	4782	1710	4869	4191	1792	1354	3925	4339	5125	4603	3015	1607	2666	5317	2254	3023	1044	3911	951	2446	2174	4730	1632	1887	3390	4299	2354	367	4949	2123	4305	4583	4743	2100	4077	3693	5333	4572	5382	681	3311	4349	4216	3462	3514	3757	764	2824	4955	5437	3802	4912	3765	2941	3714
4329	4793	3871	3158	3378	4831	4092	1651	5189	4402	4145	2879	3835	5799	5215	3172	2949	2942	1106	4599	5358	3276	5674	0	4711	3966	4466	527	5336	3155	4550	5493	2692	1728	4688	3031	5038	3645	830	1932	5192	1016	2372	4764	6067	2374	2520	2013	3090	3470	4395	3555	1076	3416	5206	5101	3037	5265	4645	4357	932	5185	5195	3886	3546	4502	5291	1196	4843	2309	3385	3230	6442	2526	2358	3636	1753	280	5234	3637	1759	1747	6182	3027	3656	4903	5007	1495	3926	2724	2670	3323	2729	2293
3171	2836	838	4459	5505	604	5412	3908	4082	1302	2761	5006	4718	1346	2115	2653	4986	5069	4454	1499	3948	4158	2574	4702	0	4849	2456	5229	2237	5824	641	2733	3034	4061	2154	4300	756	3967	4763	5107	2093	4623	4974	2175	2734	4707	5121	5451	4923	2055	1295	3448	4995	1294	752	3213	4231	3120	3807	754	3770	3608	3217	3710	4619	2736	2191	5047	3736	3345	5366	5064	1988	4742	4476	6116	4295	4421	2850	3631	4934	4922	5075	4297	4539	1803	780	5151	5757	4585	5695	2804	1981	4496
2457	2921	3991	2893	1537	4840	3827	4556	3316	4040	2437	1331	313	5808	3203	4533	2388	1995	4011	3621	3486	971	4044	4042	4720	0	2758	3907	3342	2330	4559	3620	4090	3680	2816	1702	5047	3275	3746	2966	3197	3053	2375	3056	4727	2109	2523	3309	2825	5049	3799	1683	3501	4446	5215	3229	2715	3393	2773	4366	4974	3313	3323	3515	3175	3841	3951	3133	2971	3706	961	2965	5473	2261	1877	1786	2756	4323	3362	3267	2533	2400	4310	1698	310	3563	5016	3139	3661	1986	2814	4684	5133	1898
1542	1267	1734	3203	3216	2584	4136	4804	2453	1783	305	2716	2597	3552	945	2936	2697	2780	4320	1364	2379	2037	2077	4351	2463	2728	0	4216	919	3534	2302	2026	3317	3990	692	2011	2790	2710	4055	3275	775	3362	2684	298	2470	2418	2832	3618	3134	2950	1542	1621	3810	2189	2958	1634	2975	1798	2182	2109	4666	2038	1648	2454	3363	1418	1694	3442	2107	3628	3222	3274	3216	2570	2186	3826	3065	4632	1768	2375	2842	2709	3447	2007	2418	1306	2759	3448	3970	2296	3406	3087	2876	2207
4153	4617	4470	2981	3202	5430	3915	1474	5012	5001	3969	2702	3659	6398	4898	2995	2772	2766	929	5198	5181	3099	5739	599	5309	3790	4289	0	5037	2978	5149	5316	2516	1551	4512	2854	5637	3468	653	1756	4893	839	2195	4587	6423	2197	2343	1836	2913	3619	4994	3378	899	4015	5805	4924	2860	5088	4468	4956	1530	5009	5018	3709	3369	4325	5647	1019	4666	2132	3208	3053	7040	2349	2182	3459	1577	879	5058	3460	1582	1570	6005	2850	3480	5259	5606	1318	3750	2547	2494	3147	3328	2117
1752	1418	1507	2955	4102	2357	3908	4577	2663	1556	1191	3602	3299	3325	718	2688	3583	3665	5123	1137	2529	2739	1850	5237	2236	3430	886	5102	0	4420	2075	2009	3070	4097	735	2897	2563	2463	4941	4161	144	4248	3570	604	2243	3304	3718	4504	3420	2723	1315	2030	4696	1962	2731	1785	2727	1949	2389	1882	4439	2189	1798	2207	3116	1171	1467	4328	2317	3381	3947	3560	2989	3239	3072	4712	3951	5090	1918	2128	3728	3595	3656	2893	3120	1079	2532	4334	4254	3181	4292	2840	2649	3093
3467	3931	5001	2312	1234	5850	3246	3815	4326	5050	3283	1654	1991	6818	4213	3827	2104	1635	3269	4631	4496	2413	5053	3301	5730	2304	3604	3165	4351	0	5569	4630	3348	2939	3826	2169	6057	2800	3004	1405	4207	2312	924	3902	5737	1529	710	1159	2244	4452	4809	2693	2760	4972	6225	4239	2192	4403	3782	5376	4232	4323	4333	3040	2700	3716	4961	2391	3981	2965	1360	2384	6483	1681	1496	535	2015	3581	4372	2791	1792	1659	5320	2165	2170	4573	6026	1676	3081	1878	485	3979	5508	1431
3010	2675	677	4298	5344	721	5251	3747	3920	1141	2600	4844	4557	1249	1954	2491	4825	4908	4293	1338	3787	3997	2413	4540	601	4688	2295	5068	2075	5663	0	2572	2873	3900	1993	4139	928	3805	4602	4946	1931	4461	4812	2013	2638	4546	4960	5289	4762	1893	1134	3287	4833	1132	656	3052	4070	2959	3646	437	3609	3446	3056	3549	4458	2575	2030	4885	3575	3183	5204	4902	1892	4581	4314	5954	4133	4260	2689	3470	4773	4761	4914	4135	4378	1642	897	4990	5596	4424	5534	2643	1819	4335
1518	762	1964	4304	4316	2814	5257	5034	2062	2014	2333	3817	3529	2908	1898	3779	3798	3880	5421	1234	1813	2970	555	5452	2694	3660	2138	5317	2020	4635	2533	0	4160	5090	1754	3112	3021	3812	5156	4376	1876	4463	3785	1958	1519	3519	3933	4719	4235	3181	1773	2260	4911	2420	3189	638	4076	545	2040	2340	4896	1226	1481	3555	4464	2520	533	4542	1717	4471	4177	4375	2265	3671	3287	4927	4166	5547	275	3476	3943	3810	3056	3108	3351	930	2990	4549	5071	3396	4506	3930	3107	3308
4176	3842	2178	2492	3592	3138	3445	3118	5087	2709	3615	3093	4049	4106	3142	578	3163	3156	2573	2905	4953	3489	3980	2742	3017	4180	3310	2606	3070	3436	2856	4140	0	1100	3159	3245	3344	1999	2278	2146	2926	1661	2586	3028	4374	2588	2733	2489	2956	1202	2702	3769	2033	1722	3512	4209	2264	4373	4813	2663	3533	4613	4222	1743	2652	1908	3598	2085	4741	383	3598	3096	4748	2740	2572	3850	1333	3022	4256	1664	1972	1961	6080	3241	3870	3209	3313	2190	3790	2937	3076	730	2258	2507
4186	4650	3209	3014	3235	4169	3948	2169	5045	3740	4002	2735	3692	5137	4174	1610	2805	2799	1624	3937	5215	3132	5012	1792	4049	3823	4342	1657	4102	3036	3888	5171	1130	0	4191	2887	4376	3031	1329	1789	3957	712	2229	4060	5405	2230	2376	1894	2946	2234	3733	3411	1084	2754	4544	4957	2894	5121	4501	3695	2724	5042	5051	2775	3402	2940	4629	1136	4699	747	3241	3086	5780	2382	2215	3492	976	2073	5091	2696	1615	1603	6038	2883	3513	4241	4345	1376	3783	2580	2552	1761	3290	2150
1267	932	1386	3020	3601	2235	3973	4455	2177	1435	982	3101	2814	3203	598	2753	3082	3164	4705	1016	2043	2254	1729	4736	2115	2945	676	4601	736	3919	1954	1691	3135	4162	0	2396	2442	2528	4440	3660	592	3747	3069	550	2122	2803	3217	4003	3485	2602	1194	1544	4195	1841	2610	1299	2792	1463	1903	1761	4317	1703	1312	2271	3180	1236	1346	3827	1832	3445	3461	3625	2868	2955	2571	4211	3450	4969	1432	2192	3227	3094	3171	2392	2635	958	2411	3833	4319	2680	3790	2905	2528	2592
1893	2357	3426	1942	1956	4276	2876	3606	2752	3476	1709	1456	1399	5244	2639	3582	1437	1520	3060	3057	2922	839	3479	3091	4155	1530	2030	2956	2777	2275	3995	3056	3139	2730	2252	0	4483	2324	2795	2015	2633	2102	1424	2328	4163	1158	1572	2358	1874	4099	3235	1118	2550	3882	4651	2664	1764	2828	2208	3802	4023	2749	2758	2564	2225	3240	3387	2182	2406	2755	1962	2014	4909	1310	927	2566	1805	3372	2798	2316	1582	1449	3746	4	1220	2999	4452	2188	2710	1036	2146	3733	4569	947
3458	3123	1125	4746	5792	891	5699	4195	4369	1589	3048	5293	5005	2101	2402	2940	5273	5356	4741	1786	4235	4445	2861	4989	756	5136	2743	5516	2524	6111	928	3020	3321	4348	2441	4588	0	4254	5050	5394	2380	4910	5261	2462	3254	4994	5408	5738	5210	2342	1582	3735	5282	1581	1508	3500	4518	3407	4094	1041	4057	3895	3504	3997	4906	3023	2478	5334	4023	3632	5653	5351	2744	5029	4763	6403	4582	4708	3137	3918	5221	5209	5362	4584	4826	2090	1067	5438	6044	4872	5982	3091	2268	4783
3519	3184	3085	852	2837	4044	1805	4110	4429	3323	2958	2337	3087	5013	2485	1592	1594	2401	3564	2904	4296	2527	3617	3595	3924	3218	2652	3460	2413	2795	3763	3776	1974	3001	2502	2283	4251	0	3299	2519	2268	2606	1945	2371	4010	1287	2093	2862	1317	2109	3082	2807	3054	2629	4419	3551	624	3715	3897	3570	4440	3955	3565	575	1012	1251	3234	2686	4084	2284	2843	1457	4756	1135	1519	3209	2309	3876	3685	326	2086	1953	5423	2279	2908	2846	4220	2692	2151	1367	2666	1744	3165	1752
4129	4593	3901	2957	3178	4860	3892	839	4988	4432	3945	2679	3635	5829	4875	2782	2749	2742	294	4628	5158	3075	5703	779	4740	3766	4266	643	5013	2955	4579	5292	2302	1338	4488	2831	5067	3445	0	1732	4869	735	2172	4564	6096	2174	2319	1812	2890	3259	4425	3355	245	3445	5235	4901	2837	5065	4444	4386	1710	4985	4995	3685	3345	4112	5320	996	4643	1919	3184	3030	6471	2326	2158	3436	1553	1059	5034	3437	1559	1547	5982	2827	3456	4932	5036	1295	3726	2524	2470	2933	2758	2093
3261	3725	4220	2090	2310	5180	3024	2607	4121	4751	3077	1811	2767	6148	4007	2620	1881	1874	2062	4425	4290	2207	4848	2093	5059	2898	3398	1958	4146	1414	4898	4425	2141	1732	3620	1963	5386	2577	1797	0	4001	1104	1304	3696	5531	1306	1451	343	2022	3244	4744	2487	1552	3764	5554	4033	1969	4197	3577	4705	3025	4117	4127	2817	2478	3493	4755	1184	3775	1757	2316	2162	6277	1458	1290	1949	807	2374	4166	2569	691	679	5114	1959	2588	4367	5355	861	2858	1656	930	2772	4300	1225
1608	1273	1363	2811	3957	2212	3764	4433	2519	1412	1047	3458	3155	3180	574	2544	3439	3521	4978	993	2385	2595	1706	5093	2092	3286	742	4958	144	4276	1931	1865	2926	3953	591	2753	2419	2319	4797	4017	0	4104	3426	460	2099	3160	3574	4360	3276	2579	1171	1885	4552	1818	2587	1640	2583	1804	2244	1738	4295	2044	1654	2062	2971	1027	1323	4183	2173	3236	3803	3416	2845	3094	2928	4568	3807	4946	1774	1983	3584	3451	3512	2749	2976	935	2388	4190	4110	3037	4147	2696	2505	2949
3558	4021	3756	2386	2607	4716	3320	1591	4417	4287	3374	2107	3064	5684	4303	2156	2177	2170	1046	4484	4586	2504	5144	1080	4595	3195	3694	945	4442	2383	4434	4721	1677	712	3917	2259	4922	2873	751	1161	4298	0	1600	3992	5952	1602	1748	1241	2318	2780	4280	2783	506	3300	5091	4329	2265	4493	3873	4241	2012	4414	4423	3114	2774	3486	5176	424	4071	1293	2613	2458	6326	1754	1587	2864	982	1360	4463	2865	987	975	5410	2255	2885	4788	4892	723	3155	1952	1899	2308	3510	1522
2601	3064	4134	1446	1597	4984	2380	2948	3460	4183	2416	1097	2131	5952	3346	2961	1237	711	2403	3764	3629	1547	4187	2434	4863	2238	2737	2299	3485	933	4703	3764	2482	2072	2960	1302	5190	1933	2138	1358	3341	1445	0	3035	4870	662	231	1479	1378	3585	3943	1826	1893	4105	5359	3372	1325	3536	2916	4509	3366	3456	3466	2174	1834	2849	4094	1525	3114	2098	1603	1518	5617	814	629	1347	1148	2715	3506	1925	925	792	4453	1298	1928	3706	5160	1531	2214	1012	805	3112	4641	564
1492	1157	1436	2905	3497	2286	3858	4506	2402	1485	587	2998	2878	3254	647	2638	2978	3061	4601	1066	2268	2318	1779	4633	2165	3009	281	4497	621	3816	2004	1915	3019	4046	565	2293	2492	2412	4336	3556	477	3644	2966	0	2172	2700	3113	3899	3369	2652	1244	1769	4092	1891	2660	1524	2677	1688	2128	1811	4368	1928	1537	2156	3065	1120	1396	3723	2057	3330	3503	3509	2918	2851	2468	4108	3347	4913	1657	2077	3124	2991	3396	2289	2699	1008	2461	3730	4203	2577	3687	2789	2578	2488
2879	2123	2174	4513	5498	3023	5466	5244	3423	2223	2754	4998	4711	1389	2108	3988	4979	5062	5789	1443	3174	4151	1360	6037	2734	4842	2449	6564	2229	5816	2638	1519	4369	5396	2147	4293	3230	4021	6099	5557	2085	5644	4966	2167	0	4700	5114	5900	4978	3390	1982	3441	6092	2629	1982	1999	4285	1906	3401	2549	5105	2587	2842	3765	4674	2729	977	5724	3078	4680	5358	5118	746	4797	4468	6108	5347	5757	1636	3686	5124	4991	3788	4289	4532	1139	3199	5730	5812	4578	5688	4139	3316	4489
2500	2964	4021	784	1549	4981	1718	2822	3360	4083	2316	1050	2006	5949	3246	2529	645	1113	2277	3664	3529	1447	4087	2308	4861	2137	2637	2173	3349	1508	4700	3664	2355	1946	2859	1202	5188	1271	2012	1232	3205	1319	658	2935	4770	0	805	1575	716	3046	3842	1726	1767	3566	5356	3272	663	3436	2816	4507	3240	3356	3366	1511	1172	2187	3994	1398	3014	1972	1556	856	5516	152	232	1922	1022	2588	3405	1263	799	666	4353	1198	1827	3606	5157	1405	1552	419	1379	2680	4102	464
2757	3221	4291	1602	1811	5140	2536	3105	3616	4340	2573	1311	2263	6108	3503	3117	1394	925	2559	3921	3786	1703	4343	2591	5020	2394	2894	2455	3641	703	4859	3920	2638	2229	3116	1459	5347	2089	2294	1495	3497	1602	214	3192	5027	818	0	1248	1534	3741	4099	1983	2049	4262	5515	3528	1482	3693	3072	4666	3522	3613	3623	2330	1990	3006	4251	1681	3271	2255	1817	1674	5773	970	786	1116	1304	2871	3662	2081	1082	948	4610	1455	2084	3863	5316	1688	2371	1168	574	3269	4798	721
3604	4068	4563	2433	2377	5523	3367	2771	4464	5094	3420	2154	3133	6491	4350	2963	2224	2156	2226	4768	4633	2551	5191	2257	5402	3241	3741	2122	4489	1142	5241	4768	2484	1895	3963	2306	5729	2920	1961	343	4345	1268	1445	4039	5874	1649	1231	0	2365	3587	5087	2830	1716	4107	5897	4376	2312	4540	3920	5048	3189	4460	4470	3161	2821	3836	5098	1347	4118	2100	2502	2505	6620	1801	1633	1677	1150	2537	4509	2912	1034	1022	5457	2302	2932	4710	5698	518	3201	1999	658	3115	4643	1568
3207	3671	4066	829	2256	5026	1072	3529	4066	4304	3023	1757	2713	5994	3466	2574	1310	1820	2983	3885	4236	2153	4598	3015	4906	2844	3344	2879	3394	2215	4745	4370	2955	2653	3483	1909	5233	1316	2718	1938	3250	2026	1365	3353	4992	707	1512	2281	0	3091	4064	2433	2474	3611	5401	3979	708	4143	3522	4552	3946	4063	4073	1557	1217	2232	4216	2105	3721	2679	2262	210	5738	555	938	2628	1729	3295	4112	1308	1506	1373	5060	1905	2534	3828	5202	2112	907	1083	2086	2725	4147	1171
3607	3272	1207	2611	4596	2167	3564	2456	4518	1738	3197	4096	4846	3135	2551	805	3353	4160	3002	1935	4384	4286	3010	3494	2047	4977	2892	3720	2673	4554	1886	3169	1186	2213	2590	4042	2374	2119	3312	3260	2528	2775	3704	2611	3403	3046	3852	3603	3076	0	1731	3884	3147	752	2542	3649	2383	3556	4243	1693	2563	4043	3653	1862	2771	2027	2627	3199	4172	1497	4602	3216	3778	2894	3278	4968	2447	3214	3286	1783	3086	3074	5511	4038	4667	2239	2343	3303	3910	3126	4189	956	1288	3511
2249	1915	528	3599	4583	1377	4552	3597	3160	577	1840	4084	3796	2345	1193	2342	4064	4147	4143	577	3026	3236	1652	4391	1257	3927	1534	4918	1315	4902	1096	1812	2723	3750	1232	3379	1584	3107	4452	4642	1171	4312	4052	1253	2045	3786	4199	4985	4063	1744	0	2527	4684	983	1752	2291	3371	2198	2886	903	3459	2686	2295	2850	3759	1814	1269	4736	2814	3034	4444	4203	2792	3882	3554	5194	3984	4110	1928	2771	4210	4077	4154	3375	3617	881	1553	4840	4897	3663	4773	2493	1670	3574
1225	1689	2759	2365	2379	3608	3299	4029	2084	2808	1463	1880	1592	4576	1971	4005	1860	1943	3484	2389	2254	1032	2811	3515	3488	1723	1726	3380	2109	2698	3327	2388	3562	3153	1584	1175	3815	2747	3219	2438	1965	2526	1848	1849	3495	1582	1995	2782	2297	3975	2567	0	2974	3214	3983	1997	2188	2161	1540	3134	4446	2081	2091	2988	2648	2609	2719	2605	1739	3179	2240	2438	4241	1734	1350	2990	2229	3795	2130	2739	2006	1873	3078	1171	1413	2331	3784	2612	3134	1459	2569	4157	3901	1371
4015	4478	4137	2843	3064	5097	3777	1085	4874	4668	3830	2564	3521	6065	4760	2537	2634	2627	539	4864	5043	2961	5601	1025	4976	3652	4151	889	5029	2840	4815	5178	2058	1093	4374	2716	5303	3330	245	1618	4885	490	2057	4449	6332	2059	2205	1698	2775	3161	4661	3240	0	3681	5471	4786	2722	4950	4330	4622	1956	4870	4880	3571	3231	3867	5556	914	4528	1674	3070	2915	6707	2211	2043	3321	1439	1305	4920	3322	1444	1432	5867	2712	3342	5168	5272	1180	3612	2409	2355	2689	3004	1978
2855	2520	455	3165	5150	1415	4118	2615	3766	986	2445	4650	4402	2383	1799	1359	3907	4714	3160	1183	3632	3842	2258	3408	1295	4533	2140	3935	1921	5108	1134	2417	1740	2767	1838	3984	1622	2673	3470	3814	1776	3329	4258	1859	2651	3600	4406	4157	3630	761	979	3132	3701	0	1790	2897	2937	2804	3491	941	2476	3291	2901	2417	3325	2420	1875	3753	3420	2051	5156	3770	3026	3448	3832	5522	3001	3128	2534	2338	3640	3628	4759	3980	4223	1487	1591	3857	4464	3680	4743	1510	687	4065
3666	3331	1333	4954	6000	1357	5907	4403	4576	1797	3256	5500	5213	593	2610	3147	5481	5564	4949	1994	4443	4653	3069	5196	752	5344	2951	5724	2731	6319	656	3228	3529	4556	2649	4795	1508	4461	5258	5602	2587	5118	5468	2669	1982	5202	5616	5945	5418	2549	1790	3943	5489	1788	0	3708	4726	3615	4302	908	4265	4102	3712	4205	5114	3231	2686	5542	4231	3839	5861	5558	1236	5237	4971	6610	4790	4916	3345	4126	5429	5417	5570	4791	5034	2298	1532	5646	6252	5080	6190	3299	2475	4991
1114	358	2480	3898	3912	3330	4832	5550	1658	2529	1929	3413	3125	3424	1737	3892	3393	3476	5016	1750	1469	2565	1071	5048	3209	3256	1734	4912	1875	4231	3049	648	4274	4686	1350	2708	3536	3667	4751	3971	1731	4059	3381	1614	2035	3114	3528	4314	3830	3696	2289	1855	4507	2936	3705	0	3720	348	1636	2855	5412	882	870	3410	4181	2374	1049	4138	1312	4584	3773	3970	2781	3266	2883	4523	3762	5328	390	3331	3539	3406	2651	2704	2946	1446	3506	4145	4667	2992	4102	4044	3623	2903
2980	3458	3358	228	2213	4318	1181	3485	3839	3596	2796	1713	2486	5286	2758	1866	993	1776	2940	3177	4009	1926	3890	2971	4197	2617	2926	2836	2686	2171	4037	4049	2247	2609	2775	1682	4525	608	2675	1895	2542	1982	1321	2644	4283	663	1468	2238	692	2383	3355	2206	2430	2903	4693	3752	0	3916	3295	3844	3903	3836	3838	848	508	1524	3507	2062	3494	2558	2219	833	5029	511	895	2585	1685	3251	3885	600	1462	1329	4833	1678	2307	3119	4494	2068	1526	766	2042	2017	3439	1127
1278	522	2388	4062	4077	3238	4997	5458	1822	2437	2093	3577	3290	3332	1901	4056	3558	3640	5181	1658	1573	2730	979	5212	3117	3421	1898	5077	2039	4395	2957	556	4438	4850	1514	2872	3444	3831	4916	4136	1895	4223	3545	1779	1943	3279	3693	4479	3995	3604	2197	2020	4671	2844	3613	345	3885	0	1800	2764	5320	986	1113	3575	4345	2539	957	4303	1477	4749	3937	4135	2689	3431	3047	4687	3926	5492	298	3496	3703	3570	2816	2868	3111	1354	3414	4309	4831	3156	4266	4208	3531	3068
818	1200	2983	3705	3719	3833	4639	5369	1145	3032	1826	3219	2932	4674	2195	4351	3200	3283	4823	2613	1424	2372	2322	4855	3712	3063	2089	4719	2334	4038	3552	1899	4732	4493	1809	2514	4040	4087	4558	3778	2190	3865	3188	2073	3286	2921	3335	4121	3637	4200	2792	1662	4313	3439	4208	1507	3527	1671	0	3359	5786	1398	2062	3869	3988	2833	2300	3945	799	4518	3580	3777	4032	3073	2690	4329	3568	5135	1641	3790	3345	3212	2138	2510	2753	2555	4009	3952	4474	2799	3909	4502	4126	2710
2818	2483	485	4106	5152	835	5059	3555	3728	949	2408	4652	4365	1492	1762	2299	4633	4716	4101	1146	3595	3805	2221	4348	714	4496	2103	4876	1884	5471	453	2380	2681	3708	1801	3947	1041	3613	4410	4754	1739	4270	4620	1821	2614	4354	4768	5097	4570	1701	942	3095	4641	940	899	2860	3878	2767	3454	0	3417	3254	2864	3357	4266	2383	1838	4694	3383	2991	5013	4710	2135	4389	4123	5762	3942	4068	2497	3278	4581	4569	4722	3943	4186	1450	1010	4798	5404	4232	5342	2451	1628	4143
5261	5005	2940	4089	4310	3900	5023	1848	6120	3471	4930	3810	4767	4868	4283	3136	3881	3874	2037	3667	6116	4207	4742	932	3779	4898	4624	1459	4405	4086	3618	4902	3518	2659	4322	3963	4106	4450	1762	2864	4261	1947	3304	4343	5135	3306	3451	2944	4021	2538	3464	4487	2008	2484	4274	5381	3969	5288	5576	3425	0	5776	5385	4194	4477	4359	4359	2127	5775	3240	4316	4161	5510	3457	3290	4567	2685	651	5018	4115	2690	2679	7114	3959	4588	3971	4075	2426	4858	3655	3602	3288	1797	3225
1045	780	2947	4129	4143	3796	5064	5793	1537	2996	2096	3644	3356	3968	2159	4315	3625	3707	5248	2294	993	2797	1616	5279	3676	3487	2156	5144	2298	4462	3515	1192	4696	4917	1772	2939	4003	4089	4983	4202	2153	4290	3612	2037	2579	3346	3759	4546	4062	4163	2755	2087	4738	3402	4171	878	3952	965	1515	3322	5879	0	1627	3833	4412	2797	1593	4369	1191	4943	4004	4202	3326	3498	3114	4754	3993	5559	934	3754	3770	3637	2530	2935	3177	1990	3972	4376	4898	3223	4333	4466	4089	3135
1460	785	2457	4092	4121	3307	5044	5527	2117	2506	1972	3621	3334	4264	1669	3825	3602	3685	5225	2087	1896	2774	1911	5256	3186	3465	1667	5121	1808	4439	3025	1488	4206	4895	1282	2916	3513	3599	4960	4180	1663	4267	3589	1547	2875	3323	3737	4523	4039	3673	2265	2064	4715	2912	3681	867	3864	1116	2095	2832	5389	1556	0	3343	4252	2307	1889	4347	1771	4517	3981	4179	3621	3475	3091	4731	3970	5537	1230	3264	3747	3614	3110	2912	3155	2029	3482	4353	4875	3201	4311	3976	3599	3112
3298	2963	2864	1077	3062	3824	2030	4113	4209	3102	2737	2562	3312	4792	2264	1372	1819	2626	3789	2683	4075	2753	3396	3821	3703	3443	2432	3685	2192	3020	3543	3555	1753	2780	2281	2508	4030	585	3524	2744	2048	2831	2170	2150	3789	1512	2318	3087	1542	1888	2861	3032	3279	2409	4199	3330	849	3494	3934	3350	4220	3735	3344	0	1238	1030	3013	2911	3863	2064	3068	1682	4535	1361	1744	3434	2534	4101	3464	250	2311	2178	5202	2504	3133	2625	4000	2918	2376	1593	2892	1523	2944	1977
3465	3830	3731	736	2721	4691	1689	3994	4325	3969	3281	2222	2972	5659	3131	2239	1478	2285	3448	3550	4494	2412	4263	3480	4570	3103	3299	3344	3059	2680	4410	4422	2620	3118	3148	2167	4898	981	3183	2403	2915	2491	1829	3017	4656	1172	1977	2746	1201	2755	3728	2691	2938	3276	5066	4197	508	4362	3781	4217	4411	4321	4211	1221	0	1897	3880	2570	3979	2931	2727	1341	5402	1020	1403	3093	2193	3760	4331	973	1971	1837	5318	2163	2793	3492	4867	2577	2035	1252	2551	2390	3812	1636
2268	1933	2023	1785	3769	2873	2737	4259	3179	2072	1707	3270	3815	3841	1234	1518	2526	3333	4399	1653	3045	3255	2366	4528	2752	3946	1402	4392	1162	3728	2591	2525	1899	2926	1251	3215	3079	1292	4104	3451	1018	3488	2878	1120	2759	2220	3025	3794	2249	2034	1831	2545	3860	2478	3247	2300	1557	2465	2904	2398	4366	2705	2314	1036	1945	0	1983	3618	2833	2210	3775	2389	3505	2068	2451	4141	3160	4808	2434	957	3019	2886	4172	3211	3636	1595	3048	3625	3083	2300	3599	1669	3091	2684
1902	1146	1431	3771	4700	2281	4724	4501	2446	1480	2012	4201	3913	2375	1365	3246	4181	4264	5047	701	2197	3353	383	5295	2160	4044	1707	5700	1487	5019	2000	542	3627	4654	1404	3496	2488	3279	5356	4759	1343	4847	4169	1425	986	3903	4316	5102	4236	2648	1240	2643	5295	1887	2656	1022	3543	929	2424	1807	4363	1610	1865	3022	3931	1987	0	4926	2100	3938	4561	4376	1732	4054	3671	5311	4550	5014	659	2943	4327	4194	3439	3492	3734	397	2457	4933	5070	3780	4890	3397	2574	3691
3485	3949	4180	2314	2534	5139	3248	1927	4345	4710	3301	2035	2992	6108	4231	2580	2105	2098	1381	4649	4514	2432	5072	1413	5019	3122	3622	1278	4370	2311	4858	4649	2101	1136	3844	2187	5346	2801	1106	1088	4226	424	1528	3920	5755	1530	1676	1169	2246	3204	4704	2711	930	3724	5514	4257	2193	4421	3801	4665	2344	4341	4351	3042	2702	3717	4979	0	3999	1717	2541	2386	6501	1682	1514	2792	910	1693	4390	2793	915	903	5338	2183	2813	4591	5315	651	3082	1880	1826	2732	3846	1449
699	925	2936	3657	3672	3785	4592	5321	516	2985	1778	3172	2885	4400	2148	4303	3153	3235	4776	2566	1149	2325	2047	4807	3665	3016	2041	4672	2287	3990	3504	1624	4685	4445	1761	2467	3992	4040	4511	3731	2142	3818	3140	2026	3011	2874	3288	4074	3590	4152	2744	1615	4266	3391	4160	1233	3480	1397	873	3311	5739	1124	1771	3822	3940	2786	2025	3898	0	4471	3532	3730	3757	3026	2642	4282	3521	5087	1366	3743	3298	3165	1509	2463	2706	2422	3961	3904	4426	2751	3861	4455	4078	2663
4160	4126	2462	2776	3209	3422	3729	2735	5019	2993	3900	2709	3666	4390	3427	863	2779	2773	2189	3190	5189	3106	4265	2358	3302	3797	3595	2223	3355	3053	3141	4424	383	716	3444	2861	3629	2284	1895	1763	3210	1278	2203	3313	4658	2204	2350	2106	2920	1487	2986	3385	1650	2007	3797	4493	2548	4657	4475	2948	3290	4897	4507	2028	2937	2193	3882	1702	4673	0	3215	3060	5033	2356	2189	3466	950	2638	4541	1949	1589	1577	6012	2857	3487	3494	3598	1806	3757	2554	2692	1014	2543	2124
2957	3421	4491	2297	576	5341	3231	3961	3817	4540	2922	522	631	6309	3703	3973	2078	1186	3415	4121	3986	1471	4544	3447	5220	945	3243	3311	3842	1369	5059	4121	3494	3085	3316	1808	5547	2785	3150	2370	3698	2458	1619	3541	5227	1514	1850	2527	2229	4559	4300	2183	2906	5079	5716	3729	2177	3893	3273	4866	4378	3813	3823	3025	2685	3701	4451	2537	3471	3111	0	2369	5973	1665	1282	825	2161	3727	3862	2776	1938	1805	4810	1804	810	4063	5517	2544	3066	1853	1853	4125	5615	1302
3363	3827	4222	985	2412	5182	862	3685	4222	4460	3179	1913	2869	6150	3622	2730	1466	1976	3139	4042	4392	2309	4754	3171	5062	3000	3500	3035	3550	2371	4901	4526	3112	2809	3639	2065	5389	1472	2874	2094	3406	2182	1521	3509	5148	863	1668	2437	201	3247	4220	2589	2630	3767	5557	4135	864	4299	3679	4708	4102	4219	4229	1713	1373	2388	4372	2261	3877	2835	2418	0	5894	711	1094	2785	1885	3451	4268	1464	1662	1529	5216	2061	2690	3984	5358	2268	696	1239	2242	2882	4303	1327
3625	2869	2569	5259	6244	2592	6212	5639	4169	2969	3500	5744	5457	642	2854	4383	5725	5808	6184	2189	3920	4897	2106	6432	1988	5588	3195	6959	2976	6563	1892	2265	4764	5791	2893	5039	2744	4767	6494	6303	2831	6353	5713	2913	746	5446	5860	6646	5724	3785	2728	4187	6725	3024	1236	2745	5032	2652	4147	2144	5500	3333	3588	4511	5420	3475	1723	6470	3824	5075	6105	5864	0	5543	5215	6854	6025	6152	2382	4432	5870	5737	4534	5035	5278	1885	2768	6477	6558	5324	6434	4535	3711	5235
2652	3116	3869	632	1701	4829	1566	2974	3512	4107	2468	1202	2158	5797	3269	2377	797	1265	2429	3688	3681	1598	4239	2460	4709	2289	2789	2325	3197	1660	4548	3816	2507	2098	3011	1354	5036	1119	2164	1383	3053	1471	810	3087	4794	152	957	1727	564	2894	3867	1878	1919	3414	5204	3424	511	3588	2968	4355	3391	3508	3518	1360	1020	2035	4019	1550	3166	2124	1707	704	5541	0	384	2074	1174	2740	3557	1111	951	818	4505	1350	1979	3630	5005	1557	1400	571	1531	2528	3950	616
2269	2733	3802	1015	1318	4652	1949	2820	3128	3852	2085	818	1775	5620	3015	2760	796	882	2274	3433	3298	1215	3855	2306	4531	1906	2406	2171	3153	1489	4371	3432	2353	1944	2628	970	4859	1503	2010	1229	3009	1317	639	2704	4539	232	786	1572	947	3277	3611	1494	1765	3797	5027	3040	895	3204	2584	4178	3237	3125	3134	1743	1403	2419	3763	1396	2782	1970	1324	1087	5285	384	0	1903	1020	2586	3174	1495	797	664	4122	966	1596	3375	4828	1403	1784	571	1360	2912	4333	233
3703	4167	5237	2709	700	6086	3644	4212	4562	5286	3519	1119	1456	7054	4449	4225	2501	1783	3667	4867	4732	2296	5289	3698	5966	1770	3840	3563	4587	544	5805	4866	3745	3336	4062	2405	6293	3197	3402	1949	4443	2709	1321	4138	5973	1926	1107	1702	2642	4849	5045	2929	3157	5369	6461	4475	2589	4639	4018	5612	4630	4559	4569	3437	3097	4113	5197	2788	4217	3362	825	2782	6719	2078	1878	0	2412	3978	4608	3189	2189	2056	5556	2401	1635	4809	6262	2220	3478	2276	1028	4376	5905	1828
3210	3673	3412	2038	2259	4372	2972	2273	4069	3943	3026	1759	2716	5340	3955	1813	1829	1822	1728	4140	4238	2156	4796	1759	4252	2847	3346	1624	4094	2103	4091	4373	1333	961	3569	1911	4579	2525	1463	813	3950	770	1252	3644	5608	1254	1400	1156	1970	2437	3937	2435	1218	2957	4747	3981	1917	4145	3525	3898	2691	4066	4075	2766	2426	3143	4832	850	3723	950	2265	2110	5983	1406	1239	2516	0	2039	4115	2517	639	627	5062	1907	2537	4444	4548	856	2807	1604	1742	1964	3493	1174
4610	5073	3591	3438	3659	4551	4372	1931	5469	4122	4426	3159	4116	5519	4934	3452	3229	3222	1386	4319	5638	3556	5393	280	4430	4247	4746	808	5056	3435	4270	5553	2973	2008	4973	3311	4758	3925	1110	2213	4912	1296	2652	4994	5787	2654	2800	2293	3370	3190	4115	3835	1356	3136	4926	5381	3317	5545	4925	4077	651	5466	5475	4166	3826	4782	5011	1476	5123	2589	3665	3510	6161	2806	2639	3916	2034	0	5670	3917	2039	2027	6462	3307	3937	4623	4727	1775	4207	3004	2950	3604	2449	2574
1243	487	2090	4027	4041	2940	4961	5160	1787	2139	2058	3542	3254	3034	1866	3905	3522	3605	5145	1360	1538	2694	681	5177	2819	3385	1863	5041	2004	4360	2659	258	4286	4815	1479	2837	3147	3796	4880	4100	1860	4188	3510	1743	1645	3244	3657	4443	3959	3307	1899	1985	4636	2546	3315	363	3849	270	1765	2466	5022	951	1206	3539	4310	2504	659	4267	1441	4597	3902	4099	2391	3396	3012	4652	3891	5457	0	3460	3668	3535	2780	2833	3075	1056	3116	4274	4796	3121	4231	4056	3233	3032
3193	2858	2758	828	2812	3718	1781	4007	4103	2996	2631	2313	3063	4686	2158	1266	1570	2376	3539	2577	3969	2503	3290	3571	3598	3194	2326	3436	2086	2771	3437	3450	1647	2674	2175	2258	3925	335	3275	2494	1942	2582	1921	2045	3684	1263	2068	2837	1292	1783	2756	2782	3030	2303	4093	3225	600	3389	3829	3244	4114	3629	3238	249	988	924	2908	2661	3758	1958	2818	1432	4430	1111	1495	3185	2285	3851	3358	0	2062	1929	5097	2254	2884	2519	3894	2668	2126	1343	2642	1417	2839	1727
2826	3290	4012	1654	1875	4972	2589	2400	3685	4543	2642	1376	2332	5940	3572	2413	1446	1439	1855	3990	3855	1772	4413	1886	4852	2463	2963	1751	3711	1719	4691	3989	1933	1524	3185	1528	5179	2142	1590	809	3566	897	869	3261	5096	871	1016	1153	1587	3037	4168	2052	1345	3557	5347	3598	1534	3762	3141	4498	2818	3682	3692	2382	2042	3058	4320	976	3340	1550	1881	1727	5842	1023	855	2133	600	2166	3731	2134	0	261	4679	1524	2153	3932	5148	983	2423	1221	1590	2564	4093	790
2815	3278	3879	1643	1864	4839	2577	2267	3674	4410	2630	1364	2321	5807	3560	2279	1434	1427	1721	3978	3843	1761	4401	1753	4718	2452	2951	1617	3699	1707	4558	3978	1800	1391	3174	1516	5046	2130	1456	676	3555	764	857	3249	5084	859	1005	1019	1575	2904	4157	2040	1211	3424	5214	3586	1522	3750	3130	4365	2684	3671	3680	2371	2031	3046	4308	843	3328	1417	1870	1715	5831	1011	844	2121	466	2033	3720	2122	262	0	4667	1512	2142	3920	5015	850	2412	1209	1579	2431	3960	778
2032	2258	4269	4990	5004	5118	5925	6654	1189	4318	3111	4505	4217	5198	3481	5636	4486	4568	6109	3899	2482	3658	3380	6140	4998	4348	3374	6005	3619	5323	4837	2957	6018	5778	3094	3800	5325	5373	5844	5063	3475	5151	4473	3359	3809	4207	4620	5407	4922	5485	4077	2948	5599	4724	5493	2566	4813	2730	2206	4644	7072	2457	3104	5155	5273	4119	3358	5230	1467	5804	4865	5063	4555	4359	3975	5615	4854	6420	2699	5076	4631	4498	0	3796	4038	3755	5294	5237	5759	4084	5194	5788	5411	3996
1889	2353	3422	1938	1952	4272	2872	3602	2748	3472	1705	1452	1395	5240	2635	3578	1433	1516	3056	3053	2918	835	3475	3087	4152	1526	2026	2952	2773	2271	3991	3052	3135	2726	2248	4	4479	2320	2791	2011	2629	2098	1420	2324	4159	1154	1568	2354	1870	4095	3231	1114	2546	3878	4647	2660	1760	2824	2204	3798	4019	2745	2754	2560	2221	3236	3383	2178	2402	2751	1958	2010	4905	1306	923	2562	1801	3368	2794	2312	1578	1445	3742	0	1216	2995	4448	2184	2706	1032	2142	3729	4565	943
2147	2611	3681	2583	1403	4531	3517	4246	3007	3730	2127	1197	179	5499	2893	4223	2078	1861	3701	3311	3176	661	3734	3732	4410	310	2448	3597	3032	2195	4249	3311	3780	3371	2506	1392	4737	2965	3436	2656	2887	2743	2065	2746	4417	1799	2213	2999	2515	4740	3489	1373	3191	4136	4905	2919	2405	3083	2463	4056	4664	3003	3013	3205	2865	3531	3641	2823	2661	3396	827	2655	5163	1951	1567	1651	2446	4013	3052	2957	2223	2090	4000	1388	0	3253	4706	2829	3351	1677	2680	4374	4823	1588
2025	1534	1034	3374	4358	1884	4327	4104	2834	1083	1615	3859	3571	2553	968	2849	3840	3922	4650	304	2585	3012	771	4898	1763	3702	1309	5425	1090	4677	1603	930	3230	4257	1007	3154	2091	2882	4959	4417	946	4505	3827	1028	1164	3561	3974	4761	3839	2251	843	2302	4953	1490	2259	1410	3146	1317	2661	1410	3966	1998	2070	2625	3534	1589	388	4584	2488	3541	4219	3979	1910	3657	3329	4969	4208	4617	1047	2546	3985	3852	3827	3150	3392	0	2060	4591	4672	3438	4548	3000	2177	3350
3461	3126	1128	4748	5795	666	5701	4198	4371	1592	3051	5295	5008	2158	2404	2942	5276	5358	4743	1789	4237	4448	2863	4991	812	5139	2746	5518	2526	6113	930	3023	3324	4350	2443	4590	1139	4256	5053	5397	2382	4912	5263	2464	3257	4997	5411	5740	5213	2344	1585	3738	5284	1583	1564	3502	4521	3410	4097	1044	4060	3897	3506	4000	4909	3026	2481	5336	4026	3634	5655	5353	2800	5032	4765	6405	4584	4711	3140	3921	5223	5212	5365	4586	4829	2093	0	5441	6047	4874	5984	3094	2270	4786
3501	3965	4337	2329	2550	5297	3263	2253	4360	4868	3317	2050	3007	6265	4247	2738	2120	2114	1708	4664	4529	2447	5087	1739	5177	3138	3637	1604	4385	1660	5016	4664	2258	1377	3860	2202	5504	2816	1443	861	4241	750	1543	3936	5771	1545	1691	518	2261	3362	4861	2726	1198	3882	5672	4272	2208	4436	3816	4823	2671	4357	4366	3057	2717	3733	4995	830	4014	1875	2556	2401	6517	1697	1530	2195	925	2019	4406	2808	930	918	5353	2198	2828	4607	5473	0	3098	1895	1175	2889	4172	1465
4051	4515	4899	1297	3100	5859	478	4372	4910	5137	3867	2600	3557	6827	4299	3406	2153	2664	3827	4718	5079	2997	5431	3858	5738	3688	4187	3723	4227	3058	5577	5214	3788	3497	4316	2752	6065	2148	3562	2782	4082	2869	2208	4185	5824	1550	2356	3125	889	3923	4896	3276	3317	4443	6233	4822	1541	4986	4366	5384	4790	4907	4916	2389	2049	3065	5048	2949	4564	3522	3106	687	6570	1398	1782	3472	2572	4139	4956	2140	2349	2216	5903	2748	3378	4660	6034	2955	0	1927	2929	3558	4979	2015
2278	2742	3812	1010	1833	4662	1963	3199	3138	3861	2094	1333	1784	5630	3024	2600	439	1397	2653	3442	3307	1225	3865	2685	4541	1915	2415	2549	3163	1885	4380	3442	2732	2323	2637	980	4868	1342	2388	1608	3019	1696	1035	2713	4548	419	1182	1951	1086	3117	3620	1504	2143	3637	5036	3050	782	3214	2594	4187	3616	3134	3144	1583	1243	2258	3772	1775	2792	2349	1839	1226	5294	571	593	2298	1399	2965	3183	1334	1176	1043	4131	976	1606	3384	4837	1782	1922	0	1756	2751	4173	826
3331	3795	4864	2176	1719	5714	3110	3445	4190	4913	3147	1885	2475	6682	4077	3541	1967	1499	2900	4494	4360	2277	4917	2931	5593	2789	3467	2796	4215	485	5433	4494	3061	2569	3690	2032	5921	2663	2635	921	4071	1942	788	3766	5601	1392	574	674	2108	4165	4673	2556	2390	4685	6089	4102	2055	4266	3646	5240	3863	4187	4196	2904	2564	3580	4825	2021	3844	2678	1844	2248	6347	1544	1360	1019	1728	3211	4236	2655	1611	1522	5183	2028	2654	4437	5890	1192	2945	1742	0	3692	5221	1295
3946	3612	1948	2262	4225	2908	3215	3197	4857	2479	3385	3725	4497	3876	2912	152	3004	3788	3205	2676	4723	3937	3750	3374	2787	4628	3080	3239	2840	4068	2626	3910	705	1732	2929	3692	3114	1769	2911	2779	2696	2294	3218	2799	4144	2697	3366	3122	2726	972	2472	4217	2666	1492	3283	3979	2034	4143	4583	2433	3303	4383	3992	1513	2422	1678	3368	2718	4511	1016	4231	2866	4518	2545	2929	4482	1966	3654	4027	1434	2605	2593	5850	3689	4318	2980	3084	2822	3560	2777	3708	0	2028	3140
3542	3207	1142	3686	5670	2102	4638	1927	4453	1673	3132	5171	5089	3070	2486	1879	4427	5234	2473	1870	4319	4529	2945	2721	1982	5220	2827	3248	2608	5629	1821	3104	2261	3288	2525	4671	2309	3193	2783	4334	2463	3519	4779	2546	3338	4121	4926	4552	4150	1281	1666	3819	3029	687	2477	3584	3458	3491	4178	1628	1789	3978	3588	2937	3846	3102	2562	3735	4107	2571	5676	4290	3713	3969	4352	6042	3521	2441	3221	2858	4160	4149	5446	4667	4910	2174	2278	4034	4984	4201	5210	2031	0	4585
2140	2604	3674	1249	1189	4523	2184	2913	2999	3723	1956	690	1646	5491	2886	2926	1030	753	2368	3304	3169	1086	3726	2399	4403	1777	2277	2264	3024	1582	4242	3303	2446	2037	2499	842	4730	1737	2103	1322	2880	1410	732	2575	4410	466	879	1666	1181	3511	3482	1366	1858	4032	4898	2912	1129	3076	2455	4049	3331	2996	3006	1977	1637	2653	3634	1489	2654	2063	1195	1322	5156	618	234	1799	1113	2679	3045	1729	890	757	3993	838	1467	3246	4699	1496	2018	805	1453	3077	4567	0